"TRG"	"LDL"	"APB"
86	49	50
65	75	75
61	81	75
195	98	111
67	60	47
50	90	75
123	104	97
256	97	91
193	91	99
88	110	101
174	142	118
77	157	111
325	100	105
175	86	81
75	113	94
56	112	88
81	126	114
125	149	124
85	109	97
36	85	70
256	80	93
127	95	85
64	88	69
89	82	76
48	110	93
84	67	73
52	157	138
121	173	134
120	111	93
104	110	96
66	117	99
83	108	87
76	121	110
64	85	69
175	203	148
148	107	105
82	110	92
183	138	125
139	128	109
145	95	101
167	56	72
112	133	107
202	215	160
79	90	76
60	64	53
109	88	80
49	99	84
72	94	85
141	130	113
63	143	110
59	72	62
167	148	114
95	120	103
79	99	89
281	112	120
147	168	135
141	156	127
209	170	145
83	88	75
77	135	104
217	103	99
173	130	127
55	108	90
69	135	103
98	143	112
109	74	78
127	139	119
70	96	81
45	103	80
31	81	71
305	62	86
70	125	94
186	154	138
142	108	97
59	105	86
134	105	94
40	73	59
111	92	86
176	123	117
84	76	79
62	107	88
101	134	109
81	133	110
115	95	82
69	119	90
95	163	128
49	65	62
40	63	52
73	102	77
117	89	85
155	95	87
109	132	109
110	127	104
188	169	139
120	169	140
208	126	113
43	72	62
134	130	115
106	130	100
173	84	83
80	91	80
98	85	76
174	133	117
93	138	117
80	101	86
110	197	132
43	93	72
101	149	120
194	114	106
145	154	136
127	71	77
98	159	122
156	138	109
257	115	109
297	123	125
86	64	61
182	75	75
58	109	85
47	127	98
226	118	114
58	84	76
87	163	120
44	116	91
73	121	100
92	135	96
67	74	70
200	117	110
56	61	52
50	54	50
301	88	113
53	127	99
107	74	69
84	89	72
112	139	113
136	102	90
126	129	116
217	113	122
67	89	75
74	116	93
104	130	105
234	245	181
95	87	90
251	93	103
87	108	96
242	104	78
126	74	83
147	69	68
77	81	74
95	132	102
110	193	148
203	175	164
62	45	40
204	86	121
112	138	123
34	70	58
254	147	152
47	55	53
190	95	99
51	68	77
71	79	76
101	117	91
183	156	122
100	113	108
64	82	84
101	87	69
65	77	69
29	93	81
46	100	77
104	130	107
56	87	73
87	133	93
54	107	95
79	157	125
68	60	57
49	91	71
264	104	113
117	122	125
193	99	113
190	82	90
91	96	74
232	83	91
101	98	89
288	211	194
41	123	93
171	162	137
63	79	73
103	113	94
93	123	103
158	125	100
136	162	140
290	198	182
139	130	117
352	140	146
43	99	78
296	154	152
52	90	77
68	68	61
94	139	106
55	127	81
249	113	122
67	103	78
82	81	74
85	82	79
92	110	94
151	114	73
37	56	51
66	107	85
228	106	104
215	98	91
78	87	69
253	123	103
191	174	135
68	105	82
130	61	63
70	72	72
157	128	102
100	68	69
126	166	150
84	115	98
120	92	78
102	157	117
46	101	89
81	89	68
107	97	83
78	126	103
97	77	72
119	156	118
91	108	87
42	72	56
212	99	106
170	34	36
57	98	80
313	61	90
201	132	125
149	132	118
140	96	94
87	119	97
50	65	59
114	181	137
60	107	95
78	122	86
48	122	100
89	94	87
86	135	110
86	150	118
128	140	111
126	98	95
151	85	78
71	93	74
169	171	156
140	183	152
54	97	74
104	146	126
129	143	118
108	87	72
120	99	104
78	101	79
94	107	95
71	98	93
121	203	159
60	71	61
59	132	90
43	46	40
97	103	83
58	91	84
62	116	89
109	74	60
101	99	104
74	115	93
48	66	57
45	101	71
61	89	70
153	157	123
147	62	71
49	92	76
135	91	88
233	128	116
126	107	94
79	97	85
66	82	74
94	80	73
362	142	161
36	88	73
48	137	104
121	160	130
32	74	61
199	175	139
57	153	122
230	161	146
67	100	88
149	65	74
94	103	81
74	75	63
59	80	63
113	147	120
114	154	101
192	182	142
119	158	132
109	180	131
122	90	80
62	61	51
42	79	67
43	126	102
120	135	105
236	82	91
156	151	141
177	195	158
79	78	66
254	157	152
116	129	109
105	42	51
76	93	75
95	97	85
63	79	79
65	85	70
146	62	77
96	106	90
163	119	107
101	131	107
39	79	71
163	109	94
97	88	86
34	72	58
171	186	155
93	130	100
45	85	75
160	110	97
239	123	115
34	71	57
78	118	104
75	68	65
110	82	82
70	92	56
95	84	68
255	150	142
106	163	121
42	77	63
67	83	67
42	122	96
58	110	90
140	104	103
87	191	136
57	105	82
35	55	50
88	50	52
114	50	56
110	117	94
155	146	131
178	142	133
117	86	87
120	59	65
214	104	103
122	80	74
38	58	53
313	98	123
154	80	82
177	108	96
65	143	106
204	106	109
212	231	182
217	98	105
37	105	89
209	104	116
56	115	93
145	175	137
166	73	81
69	108	90
45	82	66
84	96	74
69	131	98
38	84	69
121	74	81
259	116	127
99	100	76
78	65	54
68	73	66
112	90	89
74	125	102
75	78	73
185	183	147
55	140	101
210	62	82
236	51	70
74	104	88
177	100	95
109	157	129
72	40	41
60	88	78
135	97	88
58	134	93
28	69	53
47	53	54
123	99	80
268	128	127
223	121	106
70	150	125
87	109	93
73	85	79
44	98	80
95	126	107
43	66	61
56	61	53
53	59	48
193	154	130
76	116	86
96	157	119
47	147	108
113	152	128
79	98	85
88	146	120
58	120	92
220	125	122
98	95	90
226	93	99
56	91	74
202	210	162
82	126	103
70	97	85
46	54	54
37	99	87
62	84	65
183	142	125
143	100	96
107	94	89
230	91	93
125	73	75
110	112	88
118	173	125
135	169	136
113	102	107
80	113	94
50	122	100
139	85	85
108	145	123
49	35	44
62	56	56
207	55	64
208	121	112
214	123	117
88	55	50
265	86	106
46	41	43
154	87	94
267	225	178
79	147	125
82	147	107
107	124	104
61	132	95
118	222	171
64	46	41
126	56	60
128	132	111
196	158	149
64	94	78
109	63	69
85	82	77
75	76	72
103	122	103
113	145	116
391	87	127
133	118	118
61	93	77
90	75	64
138	150	130
283	129	116
42	84	67
89	84	73
164	130	117
71	94	82
93	84	74
179	105	111
346	130	142
378	140	143
171	194	179
100	91	76
373	93	107
52	19	24
66	84	84
83	83	70
95	82	79
51	77	60
114	62	66
127	110	86
91	73	80
58	70	69
87	96	75
99	69	46
131	116	106
71	98	74
50	112	91
154	164	143
143	131	131
75	94	79
74	116	93
71	152	121
191	203	168
104	61	64
89	82	81
269	83	108
145	67	62
29	40	35
46	69	65
66	53	54
102	87	72
93	112	94
93	126	108
100	145	100
252	73	95
227	106	100
110	91	87
57	119	85
231	67	90
63	143	102
254	124	119
81	115	95
55	76	69
177	92	96
79	96	69
68	119	92
147	89	76
55	68	68
92	107	76
44	90	70
309	169	151
57	105	85
102	70	55
129	130	100
146	110	96
182	120	112
171	132	126
343	152	158
252	108	97
225	106	111
64	72	61
59	110	85
112	94	88
59	130	101
70	86	74
76	106	84
54	97	81
46	89	75
73	93	81
134	159	136
132	117	93
80	157	114
177	55	73
34	90	74
121	102	98
106	140	107
103	117	102
96	117	104
74	110	82
56	85	84
238	129	116
71	131	103
69	167	118
77	50	45
90	140	123
184	163	154
109	168	120
38	63	47
75	148	105
58	116	91
38	96	82
142	54	54
54	75	66
53	60	57
82	104	84
46	116	79
119	125	106
120	81	72
250	167	144
41	94	70
137	131	111
57	94	79
118	116	105
66	71	58
141	156	133
36	70	61
90	110	94
135	77	81
44	101	80
140	136	120
181	70	68
309	79	100
104	123	106
72	109	88
292	100	104
76	73	68
38	53	45
58	138	106
105	101	96
157	57	74
61	92	70
145	61	69
177	91	84
103	82	80
284	113	108
98	92	80
90	104	87
158	86	84
93	115	110
117	141	109
132	101	88
101	77	77
69	115	101
171	139	120
114	84	90
115	188	145
53	95	75
85	104	91
108	97	81
111	120	106
148	65	76
126	60	68
145	115	103
71	141	125
141	101	100
73	49	54
141	111	103
116	98	87
194	167	143
56	90	67
193	128	129
237	104	108
193	138	140
104	93	74
142	160	144
42	151	110
84	87	71
75	80	66
56	114	91
144	140	109
97	152	113
186	92	97
184	87	86
83	105	85
63	69	68
395	182	113
81	138	102
64	103	82
39	62	55
235	70	97
56	81	59
103	117	99
82	190	139
225	56	76
95	188	137
243	175	149
140	110	95
47	53	51
89	122	87
118	129	94
53	74	60
72	128	105
95	172	127
95	84	69
59	66	53
306	71	87
150	139	110
70	100	84
166	123	105
117	98	77
89	91	76
82	94	77
205	123	108
81	108	85
89	77	64
58	90	73
63	142	100
77	101	89
91	199	151
91	131	109
116	131	114
90	95	82
61	63	61
125	111	102
79	106	99
42	91	71
112	108	93
45	115	91
129	169	132
158	179	147
59	69	59
80	111	89
121	71	67
267	89	100
121	64	82
71	96	95
96	103	90
70	68	53
88	93	82
63	87	75
200	142	136
223	82	87
78	123	60
65	96	87
55	100	79
52	97	83
189	96	103
262	22	59
85	96	87
61	81	67
115	125	100
294	169	160
143	103	100
19	20	24
81	76	66
94	83	74
182	136	117
240	97	116
83	50	57
97	74	66
206	122	114
69	121	99
52	82	69
86	109	90
231	117	124
129	180	150
71	80	74
166	76	76
100	109	102
98	66	64
184	116	109
118	122	91
76	137	96
87	106	86
176	113	95
140	106	91
45	28	32
47	108	85
287	72	98
126	77	71
110	124	101
53	99	78
52	88	74
52	65	54
44	111	89
148	97	84
115	96	95
231	83	96
59	128	102
71	80	64
89	191	128
214	86	95
182	145	116
175	120	100
145	128	115
76	72	60
109	77	78
337	49	87
230	78	107
62	111	86
134	174	137
87	94	76
54	127	96
61	92	78
84	127	92
233	83	83
178	155	142
83	110	87
75	79	72
158	92	88
161	152	131
98	46	51
48	73	57
114	96	92
117	138	101
132	83	72
68	78	66
48	43	47
57	59	59
184	110	100
88	153	121
104	111	87
43	84	76
86	51	53
69	72	59
84	131	108
94	129	118
53	60	52
77	79	74
44	48	46
205	152	133
263	126	133
44	90	70
117	98	90
67	138	116
259	110	110
60	85	66
92	69	70
89	120	96
31	39	31
366	73	98
68	98	91
90	149	125
45	71	57
138	120	101
60	117	87
104	123	103
114	86	90
99	83	76
106	159	115
83	129	96
137	126	110
78	129	112
239	135	127
49	105	82
196	130	120
32	34	33
201	62	80
58	94	79
185	110	94
113	104	91
183	139	129
202	119	107
97	135	117
201	69	95
76	129	101
165	94	92
44	76	70
50	75	56
147	26	56
100	163	131
191	90	87
115	129	110
112	150	126
228	148	151
124	159	133
88	45	55
58	101	74
46	62	52
175	183	164
96	102	86
151	121	113
41	91	78
86	60	49
94	85	81
47	80	72
55	90	83
100	145	111
292	96	114
133	63	65
89	134	112
138	95	82
147	191	178
65	69	59
66	124	90
65	105	82
160	108	113
62	107	88
141	134	118
168	179	135
114	180	152
122	67	66
94	125	106
99	89	83
80	133	107
115	113	98
72	40	40
78	83	76
181	108	109
237	126	120
105	83	74
156	188	152
56	95	84
82	132	90
129	81	81
145	70	75
100	107	96
121	98	87
159	73	79
41	85	64
212	158	150
125	140	117
213	59	71
35	98	78
88	127	98
212	111	114
204	56	76
165	86	96
55	157	110
98	179	142
226	74	90
41	99	82
81	65	63
119	141	114
69	68	60
81	146	114
47	68	62
231	151	154
121	76	68
215	50	71
87	124	101
54	84	85
79	93	78
48	140	105
107	61	66
168	96	87
56	58	52
176	73	73
143	96	94
104	128	105
91	124	90
110	101	87
232	230	184
81	132	96
188	77	94
28	51	46
52	94	74
360	34	86
63	70	61
104	116	96
140	89	86
58	159	114
157	133	139
125	144	126
212	135	137
312	129	131
116	95	84
41	89	72
113	93	91
218	68	85
320	135	131
61	98	85
61	82	73
51	70	69
118	123	119
222	108	120
81	110	86
49	60	48
134	68	80
50	65	56
113	135	112
57	86	66
86	63	64
94	80	75
89	143	116
37	100	80
65	93	73
248	139	122
134	83	81
242	143	136
160	104	102
153	158	137
124	142	107
142	71	66
62	61	56
303	117	148
45	80	69
102	124	103
371	65	121
61	100	88
110	74	65
127	71	75
135	107	105
94	113	90
65	64	54
100	77	68
74	180	130
26	63	88
60	113	88
132	176	135
89	72	70
128	182	158
94	61	58
55	90	70
63	127	105
251	197	184
70	152	108
122	112	95
307	138	154
141	80	79
44	72	61
73	95	81
47	91	70
90	121	97
157	83	89
99	77	70
65	181	134
102	112	93
82	125	103
71	39	33
82	61	53
79	96	90
122	128	102
63	60	64
80	161	134
377	76	113
67	76	60
62	42	47
92	106	96
131	87	85
215	76	86
210	107	104
310	153	146
89	141	111
163	54	64
68	75	64
64	70	63
166	110	110
90	146	115
128	80	69
130	146	132
112	86	82
49	106	86
76	95	76
31	84	58
253	204	183
31	82	76
57	120	91
92	131	102
102	122	102
65	120	93
121	127	107
53	46	37
99	121	99
146	142	119
62	80	72
185	119	116
85	128	111
57	131	87
44	78	59
91	73	68
101	135	105
189	74	75
83	97	84
76	81	67
68	121	86
69	90	73
155	95	97
105	130	99
134	188	160
189	206	178
60	103	83
114	156	126
87	123	93
52	107	81
148	53	67
103	114	98
141	133	97
329	138	138
46	76	69
85	76	76
129	74	74
91	126	100
42	50	51
75	76	71
40	54	47
229	160	152
164	85	85
140	110	100
387	99	119
39	122	91
100	173	136
76	116	94
157	100	104
59	66	71
112	135	106
191	137	124
149	166	129
58	59	51
62	63	56
178	41	71
55	30	34
71	73	61
77	105	85
122	76	70
45	102	84
212	30	52
62	85	69
70	45	49
39	124	95
51	67	53
178	87	90
69	116	92
97	81	83
82	133	107
122	67	60
155	67	74
81	127	110
60	116	104
76	126	100
66	127	104
84	75	70
49	82	69
79	95	82
135	155	121
67	35	38
51	96	73
94	126	103
75	137	110
126	134	115
43	99	77
176	82	78
82	70	67
61	112	89
95	193	136
58	94	70
110	153	123
157	113	95
182	113	112
140	83	92
133	122	110
73	82	75
176	88	104
45	44	47
217	137	121
38	76	71
113	124	107
100	104	96
59	130	110
205	93	113
47	111	88
115	242	184
84	143	108
94	111	98
105	128	108
259	138	131
317	75	115
146	83	79
60	62	55
43	91	73
51	90	74
39	107	86
93	91	77
170	91	83
129	114	97
209	134	117
202	112	104
80	108	91
110	124	112
53	107	90
67	82	75
118	132	93
186	177	148
129	158	133
106	83	74
286	115	122
49	88	73
62	48	57
102	69	62
50	51	41
65	96	81
127	128	100
45	48	50
121	115	104
151	69	67
239	119	115
63	75	58
35	62	56
254	85	95
87	84	79
136	108	99
96	57	65
109	86	70
111	136	106
62	105	88
121	153	129
289	38	76
45	87	70
149	77	83
129	101	83
311	143	170
31	79	67
109	104	92
80	52	50
66	106	87
88	166	118
68	72	61
176	133	125
361	162	170
49	71	72
322	151	151
55	80	79
82	158	114
146	114	99
247	127	121
37	63	55
95	106	103
59	153	118
68	91	72
100	112	87
128	113	96
166	131	121
217	146	129
57	71	63
124	152	123
81	99	90
41	158	111
58	93	74
151	94	95
100	99	82
75	118	91
72	90	82
122	74	84
145	75	66
109	99	77
153	129	114
114	77	81
193	94	89
125	157	124
86	68	63
104	82	71
104	105	91
126	120	105
174	127	125
100	90	85
90	89	78
114	180	138
109	175	132
92	67	64
45	91	93
203	119	112
78	62	63
256	183	133
45	52	53
49	68	65
66	123	101
399	74	128
101	95	84
69	92	76
65	96	100
91	142	96
242	124	128
57	83	78
166	105	101
96	91	83
76	109	83
81	66	68
128	132	109
72	83	70
78	140	116
81	119	113
57	103	82
92	138	105
48	84	78
253	146	155
80	163	114
158	110	110
48	55	49
279	79	106
105	126	103
90	146	115
174	80	84
81	70	67
48	106	89
43	100	80
126	129	113
88	140	111
49	80	72
169	114	106
174	112	111
81	61	61
118	74	76
251	103	104
83	145	104
51	62	54
198	120	106
146	141	107
97	132	91
83	120	101
110	129	102
46	90	84
125	104	98
124	153	123
42	51	48
86	94	76
69	99	83
165	88	77
208	126	118
171	222	171
82	102	85
149	172	140
150	115	103
115	119	109
140	99	96
170	102	95
60	104	100
202	75	86
181	108	104
57	95	80
131	144	128
94	161	130
165	195	167
104	117	110
87	150	121
184	113	107
78	103	72
131	84	83
129	142	126
296	168	163
86	95	86
64	112	86
74	86	75
111	95	81
128	86	80
112	176	125
221	133	106
165	103	100
250	183	151
51	79	66
54	83	68
242	75	77
291	65	95
110	104	93
225	100	95
55	42	99
177	102	94
152	73	79
240	224	192
61	53	59
177	98	105
135	175	138
61	98	87
104	149	123
110	126	107
80	107	90
73	64	60
76	90	75
118	147	110
159	64	65
222	139	115
67	104	80
282	112	127
100	83	72
57	50	53
90	91	76
173	151	125
237	174	175
110	88	79
234	199	144
95	108	90
77	111	87
79	130	109
80	152	121
43	68	64
244	114	105
122	67	79
72	83	73
94	102	85
48	120	97
47	80	60
119	133	108
39	85	65
102	117	90
246	114	123
169	121	114
36	81	62
194	134	128
85	123	111
318	144	121
60	120	87
86	140	104
44	89	73
168	169	150
74	115	83
165	169	150
252	97	103
36	80	63
201	164	143
36	72	68
53	108	85
131	101	91
45	103	82
100	111	89
74	147	107
82	76	69
87	129	113
127	69	64
148	71	78
31	54	57
86	120	99
66	65	55
228	137	119
298	63	111
56	57	51
133	139	118
144	105	95
100	116	93
156	90	88
98	107	90
76	149	121
42	58	53
56	108	82
69	121	95
101	101	82
88	150	122
53	146	114
131	119	94
102	69	68
59	101	89
93	168	121
86	92	73
265	210	167
104	72	70
65	77	64
52	49	47
100	140	120
84	48	57
110	118	98
94	96	86
180	137	130
132	85	76
339	123	159
264	124	142
73	122	106
71	97	72
39	69	59
123	95	94
69	67	54
168	144	116
213	125	138
81	122	90
69	73	70
231	97	99
130	86	89
63	88	69
69	111	90
55	54	43
112	109	103
91	139	126
79	76	64
49	48	47
106	139	114
48	59	51
138	87	77
74	162	122
125	128	105
176	102	107
33	59	52
107	101	87
99	75	64
32	58	47
282	101	102
195	107	104
299	101	101
159	169	146
233	183	165
79	157	120
47	129	92
124	105	96
120	85	78
40	79	62
294	67	92
35	136	101
186	151	125
114	139	92
52	118	95
189	98	96
62	67	62
51	73	65
147	102	88
86	88	83
97	70	64
233	129	134
57	64	59
48	77	63
168	113	104
147	131	108
88	92	78
178	133	126
115	109	98
80	137	101
104	95	79
69	126	106
97	119	110
96	123	103
280	62	83
235	142	132
80	60	53
78	69	76
78	96	78
76	70	63
55	68	58
199	163	137
160	35	46
102	83	67
47	76	62
54	84	73
240	84	84
51	69	54
74	153	116
152	228	171
55	95	77
118	204	155
187	148	130
65	90	101
29	62	55
153	88	93
86	128	99
76	121	96
138	97	105
42	75	72
78	137	111
49	93	74
115	125	125
115	133	122
50	98	85
40	77	63
93	183	127
45	72	63
95	156	123
68	107	83
125	134	110
54	42	41
71	66	59
90	100	75
114	150	121
77	99	89
389	122	131
175	61	65
67	56	58
34	106	80
63	33	38
87	120	110
72	66	55
102	70	67
51	60	52
77	49	47
86	127	119
123	121	98
132	134	137
266	100	100
285	22	71
124	109	101
154	71	84
33	94	75
71	179	127
92	150	115
129	68	82
86	62	58
61	88	74
299	179	159
331	162	159
73	73	61
111	98	87
81	81	72
88	146	113
313	148	150
39	87	72
41	87	81
52	152	119
144	93	91
76	101	89
61	129	98
207	39	71
54	83	80
67	72	72
49	103	82
43	88	70
224	116	108
42	179	122
80	153	114
98	52	56
53	78	69
35	70	63
75	64	58
164	89	92
125	127	101
37	93	63
62	81	66
116	132	107
213	58	77
69	111	97
63	86	70
84	103	83
184	101	109
91	111	85
62	55	53
94	137	117
315	44	81
95	140	120
43	103	78
78	84	77
264	143	128
48	86	77
315	115	120
207	143	127
43	72	62
223	245	179
84	97	82
104	96	93
61	181	113
178	105	115
148	181	135
98	106	93
60	69	59
244	86	86
64	66	66
119	148	124
172	102	93
115	148	121
75	86	75
44	77	71
78	72	71
109	112	90
69	92	78
65	122	96
133	89	91
100	109	92
85	94	76
74	88	75
81	165	119
319	54	72
122	97	82
40	103	85
86	162	137
93	104	83
56	98	78
89	135	108
145	65	48
203	126	123
71	66	58
160	51	66
58	86	77
40	70	60
78	146	120
104	138	110
112	107	94
72	76	68
132	114	101
97	120	96
143	106	103
109	59	58
47	63	57
95	110	90
217	130	138
82	137	132
69	118	85
71	103	84
176	91	104
170	161	132
47	162	105
125	199	158
171	107	104
78	124	103
178	110	94
125	79	80
291	136	130
80	102	80
79	96	80
209	140	131
111	104	90
263	141	148
201	114	114
120	144	113
156	196	159
64	114	85
189	102	98
63	96	84
61	136	100
110	42	48
124	70	69
322	73	94
39	73	63
155	78	84
111	140	119
101	148	123
128	139	124
157	137	127
85	85	72
86	205	136
62	60	49
116	91	88
61	75	66
141	141	114
106	75	64
142	176	135
35	90	70
97	132	112
83	68	61
134	101	91
221	172	151
86	80	62
125	127	105
159	109	99
169	79	80
177	121	109
86	123	95
94	55	54
21	71	65
82	114	93
314	104	128
80	75	74
173	114	110
120	163	129
87	93	87
86	121	95
87	158	139
71	78	72
76	94	78
28	61	52
59	59	57
87	100	86
80	110	94
119	103	97
112	135	99
151	95	86
200	169	153
197	175	131
111	151	121
61	181	136
56	45	48
308	147	136
99	164	119
103	140	116
68	136	114
86	81	72
118	105	85
211	113	104
217	138	136
81	97	76
138	148	138
229	124	119
143	155	137
113	56	61
117	136	106
71	57	84
51	87	78
75	115	92
37	132	104
75	103	87
160	156	117
144	76	75
167	141	134
65	92	73
121	145	119
275	136	136
151	88	85
133	165	147
79	101	81
104	94	84
219	88	89
143	122	96
87	133	99
88	117	101
62	71	73
282	136	142
80	90	88
161	166	134
158	127	119
328	89	125
116	187	149
94	88	75
96	125	111
236	53	83
54	76	67
50	97	82
89	70	78
124	115	105
232	66	85
178	107	100
80	89	75
128	43	60
98	131	93
91	104	92
78	79	59
60	65	62
100	61	62
171	92	94
108	112	99
146	162	127
79	77	75
155	143	119
61	55	50
68	95	72
310	72	59
59	79	69
57	99	64
43	70	67
176	120	106
177	147	124
214	80	98
181	120	106
200	81	105
92	71	70
74	77	72
114	165	120
86	126	109
82	106	87
51	94	79
100	157	127
119	120	108
75	59	61
163	110	97
211	71	83
182	118	111
75	165	130
146	129	107
240	163	145
59	55	53
89	94	95
53	53	50
70	61	54
149	189	132
65	78	58
78	95	84
183	89	85
107	85	87
80	92	71
129	67	74
86	122	97
343	112	122
75	144	117
128	75	83
189	126	115
126	139	131
58	118	87
215	129	119
113	40	48
143	128	110
79	78	72
106	148	116
218	140	128
205	98	114
160	59	74
56	88	71
83	99	87
83	93	88
75	47	44
106	222	143
73	108	84
77	102	88
71	102	77
130	134	126
154	82	87
130	89	86
130	177	141
195	180	162
155	148	124
147	171	146
72	100	89
240	138	142
188	130	118
170	135	117
149	113	108
82	72	67
116	122	102
205	234	207
69	89	65
109	122	106
128	139	101
90	81	71
123	106	103
96	68	65
122	92	83
57	81	66
36	69	59
187	143	147
118	101	89
205	75	97
118	147	126
165	148	123
166	123	109
69	65	59
102	114	92
291	104	120
114	110	94
112	150	118
115	98	87
185	86	85
86	123	96
36	63	57
142	123	110
70	91	75
110	73	82
39	132	89
177	98	87
57	100	80
142	166	119
58	82	71
106	94	76
120	182	127
83	68	73
73	75	58
99	111	92
57	153	120
198	144	131
79	156	128
75	126	98
83	123	99
94	68	65
318	186	197
336	48	87
86	67	58
98	122	100
290	124	121
74	68	63
342	38	75
61	94	79
109	144	123
36	77	66
41	123	84
91	145	116
54	124	91
152	96	96
95	99	87
71	140	107
140	121	116
36	68	53
91	137	109
230	120	116
50	89	66
108	111	103
79	92	79
132	154	123
78	161	126
294	148	146
102	177	142
71	67	62
73	60	57
169	96	101
123	59	63
91	89	71
51	85	75
218	86	93
38	104	89
62	186	139
169	92	89
73	68	66
99	143	115
144	115	108
196	102	93
51	130	106
80	121	96
85	80	65
120	110	89
48	56	67
106	137	115
167	70	82
34	36	38
68	99	88
78	88	76
72	123	101
130	79	85
30	40	31
198	67	69
181	158	132
79	176	127
125	165	128
126	119	97
55	114	85
47	131	91
84	136	108
54	85	71
59	77	67
135	183	135
108	179	145
57	49	44
58	142	106
97	83	72
61	85	72
66	139	108
63	80	65
88	69	66
86	63	57
226	216	170
76	68	62
119	154	127
177	99	95
106	168	135
273	155	152
120	128	105
157	161	125
95	100	84
58	99	86
113	69	70
65	106	92
114	67	63
106	131	97
193	135	119
154	79	96
160	143	128
92	80	76
386	138	116
94	108	100
37	91	77
117	157	123
50	94	81
87	75	68
65	97	87
59	131	115
146	84	71
42	76	62
45	100	77
216	59	82
91	106	95
47	63	58
87	95	76
82	120	110
175	122	102
102	100	85
133	92	90
103	167	135
261	176	157
129	72	70
138	146	124
90	122	94
75	84	77
54	123	98
94	105	94
38	99	73
89	127	97
83	136	100
93	105	110
209	99	101
60	101	86
66	130	107
146	111	99
66	120	91
57	67	57
131	146	118
130	135	122
72	69	64
90	93	86
56	75	64
168	145	118
120	96	83
114	119	117
97	147	119
104	72	76
192	170	136
169	118	109
72	134	97
70	131	102
387	124	134
105	118	105
97	130	106
220	138	142
81	88	73
152	88	76
76	155	117
50	104	78
225	120	121
72	135	110
66	70	65
75	123	104
96	134	98
54	63	56
95	164	124
73	228	169
56	124	106
74	134	110
79	85	64
84	91	72
190	139	140
59	64	61
185	191	157
94	93	73
64	84	72
92	115	90
223	66	82
172	133	115
136	201	142
145	127	106
282	80	101
154	72	73
178	129	115
116	85	91
165	78	81
112	92	87
377	36	77
62	64	60
52	57	36
126	144	111
101	83	78
104	89	78
75	94	86
76	93	77
103	112	97
260	93	109
121	51	57
193	90	96
38	97	84
124	128	105
49	123	93
104	167	127
90	101	93
165	112	109
138	96	85
77	69	63
81	152	121
150	141	119
255	76	88
86	151	126
156	192	137
70	111	86
174	115	106
69	110	97
122	52	56
64	73	65
193	101	98
191	133	108
44	66	56
164	197	165
75	67	59
333	174	158
35	64	59
119	100	101
95	92	86
230	131	127
165	109	91
122	119	101
136	78	68
191	78	88
162	140	119
94	85	72
113	168	134
135	91	88
59	57	56
35	43	43
149	121	119
95	107	84
134	134	111
129	73	76
77	108	86
39	86	68
346	124	130
67	104	88
150	151	126
164	81	74
58	72	60
93	100	81
25	60	52
93	146	119
125	57	61
89	131	102
131	83	80
181	121	101
100	115	92
110	91	89
139	156	120
312	138	145
89	106	93
275	145	131
69	130	96
86	76	75
98	102	92
80	97	79
125	139	117
137	132	101
126	127	110
96	75	60
65	74	59
201	130	121
61	95	74
62	22	28
201	177	140
66	128	110
134	69	75
42	76	60
70	84	63
133	84	82
183	128	120
124	48	58
65	106	86
150	113	98
105	124	99
197	86	78
133	157	135
46	118	90
254	140	131
151	90	95
87	169	133
115	76	68
199	123	123
63	40	40
71	116	98
142	170	145
65	92	76
67	85	63
68	94	77
77	112	92
111	88	66
115	131	108
144	134	118
80	129	93
146	95	78
213	102	112
130	93	100
76	91	78
63	74	74
95	75	69
67	107	77
94	106	84
63	140	98
72	51	55
377	71	104
36	62	54
186	107	107
41	73	65
244	55	84
89	106	103
212	159	129
97	96	81
90	184	135
114	134	102
92	86	85
135	129	103
53	88	74
112	84	75
112	134	101
81	129	109
142	141	125
149	137	116
68	115	98
197	109	97
39	89	68
35	75	64
96	160	118
228	125	112
56	109	92
145	159	135
113	170	118
246	139	122
106	128	107
117	146	109
115	98	85
125	93	84
351	42	75
225	143	138
157	82	77
113	51	52
131	121	103
219	97	88
68	126	93
35	66	63
120	195	153
86	151	117
46	113	83
201	154	146
214	70	80
49	106	88
39	81	69
80	118	88
150	72	77
95	103	86
134	170	135
62	81	67
90	161	127
53	62	52
52	109	83
79	96	81
166	106	90
261	190	158
52	52	50
57	118	96
80	77	82
113	145	116
101	80	78
57	73	62
38	97	79
296	226	186
69	40	37
127	99	90
114	132	109
83	80	72
83	131	108
124	97	88
111	105	85
68	182	136
129	106	100
205	124	132
61	85	66
30	119	94
109	108	89
106	120	101
52	71	55
100	96	89
138	116	98
114	66	78
65	138	116
160	89	82
250	200	165
117	104	89
189	215	194
130	138	130
63	66	61
60	150	102
151	106	98
49	57	54
72	90	77
60	34	39
287	69	89
43	54	43
305	50	98
95	83	77
53	114	98
169	92	93
153	123	112
45	82	67
164	121	113
108	119	99
89	74	65
81	99	80
52	92	79
64	112	78
84	136	101
43	102	87
88	133	106
121	107	92
219	38	55
58	41	43
154	154	128
94	75	72
54	96	84
71	132	101
270	129	128
378	123	145
85	133	99
113	94	75
120	120	113
116	197	154
85	79	75
41	126	94
62	66	59
52	90	74
87	65	65
151	110	99
42	56	56
77	138	109
75	113	89
80	98	84
264	164	162
335	132	148
106	84	83
53	65	59
33	74	63
134	105	97
63	93	79
122	78	73
120	90	90
46	82	72
250	77	97
107	81	81
352	106	132
92	85	75
113	141	125
108	109	92
50	87	75
106	140	113
61	113	98
71	66	62
63	93	76
92	105	95
72	118	85
145	93	82
155	127	116
50	79	73
129	113	97
109	101	91
70	132	100
111	94	80
55	111	95
170	133	120
74	168	124
75	138	105
40	76	59
49	22	35
72	67	63
49	77	69
165	184	133
134	114	115
48	119	98
147	105	87
77	82	70
130	171	130
69	99	94
95	139	101
35	110	84
210	89	96
48	75	65
92	66	67
127	208	153
97	119	97
47	144	109
68	55	43
112	139	120
144	147	127
65	111	80
100	113	99
56	91	65
109	73	72
102	55	72
237	141	152
114	103	88
47	90	80
147	72	70
115	132	106
59	98	67
44	68	58
50	54	38
72	77	65
55	76	64
256	155	169
101	166	123
50	80	56
82	77	70
253	138	130
207	173	141
144	179	144
132	98	93
154	114	106
138	88	88
48	129	102
327	122	129
49	75	70
70	134	100
56	72	69
159	73	76
45	109	84
83	60	62
217	143	122
111	153	107
114	131	114
306	110	109
63	131	98
225	87	82
54	146	104
41	107	86
206	160	154
66	128	97
234	186	150
95	90	77
205	168	136
112	76	69
90	123	107
220	140	126
281	131	140
129	90	83
82	114	100
163	113	111
114	99	93
77	91	72
79	94	80
103	114	91
54	114	101
103	172	126
73	98	74
124	85	79
101	113	106
70	138	99
51	86	74
67	77	63
124	69	73
64	97	76
64	60	63
158	130	104
209	127	122
72	99	75
52	107	84
112	173	139
52	102	85
116	78	71
102	136	108
145	150	117
61	118	97
147	168	142
34	76	58
48	116	93
62	66	57
89	111	93
91	174	135
105	72	69
65	77	76
112	125	107
33	108	81
98	55	61
75	89	70
47	53	46
114	62	60
42	103	77
41	61	53
57	106	96
367	164	168
138	91	86
112	146	120
137	121	105
92	106	92
58	91	75
279	176	181
53	62	60
113	90	78
127	83	86
74	109	95
46	119	87
128	328	220
33	46	47
75	147	121
114	130	106
106	63	62
164	101	100
69	59	75
210	140	113
83	63	67
78	92	80
198	130	129
135	61	54
81	47	51
44	63	54
75	154	119
81	102	80
87	158	117
94	84	70
71	97	81
174	71	79
98	85	76
45	90	78
182	82	74
61	79	68
43	85	72
146	119	111
392	146	159
39	59	52
62	82	72
50	69	61
100	85	78
132	87	75
313	173	177
86	92	81
179	109	105
72	200	155
69	74	63
105	95	84
76	84	71
79	104	90
115	120	107
39	77	66
165	181	142
90	106	86
81	119	99
50	35	30
129	134	116
187	83	100
78	104	87
89	110	94
70	127	101
257	146	132
112	109	101
125	110	99
67	136	99
81	100	79
70	126	99
70	86	70
84	58	57
70	125	91
82	178	124
137	123	111
231	175	161
27	87	67
126	134	114
64	119	91
89	84	76
128	108	102
139	83	80
78	112	98
136	67	77
41	79	66
89	45	46
58	66	61
169	145	120
95	108	89
63	108	78
44	55	48
176	191	158
72	52	50
192	92	89
61	90	74
160	148	120
58	80	60
188	120	111
40	64	51
30	80	66
101	123	92
187	130	125
113	115	92
89	119	92
61	91	79
100	87	72
118	180	138
88	152	122
209	130	115
146	93	90
251	141	130
135	131	118
140	146	107
61	140	97
80	148	114
150	85	76
104	121	106
115	141	121
64	82	70
106	68	64
93	94	90
214	136	128
68	110	86
61	57	51
63	60	60
252	99	102
156	144	102
119	123	109
113	60	55
190	123	120
42	79	66
159	150	136
91	125	100
162	108	103
226	139	128
53	72	55
131	96	89
109	121	108
63	44	50
78	112	96
66	79	68
95	76	76
162	142	122
156	110	94
94	67	56
251	54	76
56	60	56
201	60	70
49	72	63
206	97	89
104	130	105
48	94	77
118	137	109
218	79	86
110	136	118
137	144	115
40	121	85
51	133	110
74	69	59
47	54	52
148	151	123
64	100	87
44	111	93
69	70	70
84	110	87
43	74	63
111	110	96
70	126	105
303	79	101
279	55	77
99	117	96
85	63	66
83	252	174
244	196	178
94	86	77
51	73	61
83	84	75
211	191	165
212	119	111
49	117	99
106	188	144
74	145	111
68	86	72
221	165	152
105	118	103
98	100	94
393	106	127
110	173	140
102	191	154
61	52	51
174	98	95
122	78	70
129	167	131
40	90	84
106	143	119
105	196	157
49	168	136
201	113	103
52	106	91
52	45	39
45	72	56
91	107	86
38	66	61
58	101	82
162	142	123
65	43	46
73	103	89
126	89	84
252	122	143
110	87	76
128	102	99
168	227	169
126	107	92
104	62	63
191	133	126
59	94	79
79	106	80
128	88	78
212	144	152
66	75	62
64	93	80
111	135	108
148	83	88
45	130	99
98	130	101
65	70	65
272	85	66
231	135	146
152	222	169
59	51	46
59	100	98
103	87	70
89	79	69
127	81	78
171	84	85
106	84	80
133	68	73
98	55	56
75	99	81
69	79	64
269	98	106
79	53	46
78	107	91
46	63	64
109	85	76
47	95	86
63	44	44
221	110	118
45	82	69
153	108	103
125	148	101
127	77	67
230	181	155
81	100	81
48	73	63
214	83	109
123	131	99
207	103	100
136	86	74
71	87	73
149	117	122
139	131	114
107	142	129
70	75	63
52	81	65
204	81	96
183	112	114
80	93	83
55	152	121
89	126	97
55	74	63
59	100	89
154	112	116
142	54	67
227	95	111
79	139	120
86	108	82
257	88	105
177	132	127
51	79	65
152	136	124
134	125	104
357	148	138
74	75	65
163	76	76
129	133	114
41	68	54
132	89	90
86	69	63
92	143	115
86	93	85
64	39	35
114	152	114
114	112	93
65	146	113
101	123	113
71	72	69
52	123	103
126	92	90
77	87	74
150	175	135
164	118	110
71	125	99
107	114	105
42	86	67
40	97	71
133	54	52
71	82	69
134	142	116
97	58	63
68	60	58
75	78	66
90	123	103
80	63	61
64	85	69
117	96	88
54	109	87
94	128	98
42	132	97
100	116	89
76	90	71
80	81	66
71	71	68
93	70	66
123	171	127
170	134	115
49	85	66
111	120	93
301	127	127
61	94	77
94	108	89
80	105	92
103	113	99
129	89	88
300	70	88
134	96	91
152	73	75
61	117	83
82	77	66
96	144	126
44	66	118
65	165	108
33	61	53
58	73	69
190	143	128
117	136	115
88	142	110
140	128	117
72	94	71
100	77	89
113	106	97
48	106	86
152	155	137
52	129	93
122	82	82
98	104	85
191	137	88
110	182	151
250	188	171
49	55	57
174	68	68
393	72	109
71	66	55
95	90	70
36	43	48
81	100	82
257	33	59
212	91	96
49	119	62
165	228	165
221	88	96
55	117	96
93	109	95
45	78	56
162	118	110
173	97	103
211	43	68
34	130	100
82	72	64
86	135	110
162	84	91
92	95	85
118	118	95
293	110	122
66	94	82
241	128	136
89	92	77
180	192	167
78	83	72
174	135	124
205	102	108
161	130	121
92	105	82
50	106	87
93	81	70
234	98	120
90	144	113
60	103	80
44	80	68
75	98	78
227	84	93
52	69	60
78	69	59
35	59	50
122	87	81
58	101	78
90	67	64
85	82	73
61	152	112
96	91	75
204	97	107
51	81	68
100	59	64
191	150	138
204	74	79
75	92	70
48	131	107
105	40	53
44	109	86
139	129	111
178	106	97
117	178	139
73	88	77
96	111	87
71	65	59
116	137	108
262	114	111
187	111	102
166	92	86
72	76	68
58	102	82
57	105	84
130	174	131
55	152	114
70	73	66
150	92	95
255	72	159
44	89	64
248	101	127
88	120	103
167	121	122
104	47	46
67	94	83
76	62	58
89	90	89
92	102	82
78	87	77
130	74	76
120	110	94
203	99	108
114	143	114
179	174	161
73	132	107
64	79	63
81	27	37
44	49	48
309	132	119
163	130	113
258	67	89
44	120	90
109	100	89
166	117	112
122	155	116
248	98	114
73	69	63
287	85	100
26	64	61
105	64	69
56	64	58
116	80	73
190	130	117
82	69	66
130	124	115
113	135	118
64	82	66
139	125	107
159	138	109
134	100	91
97	140	114
308	103	118
40	88	68
90	105	88
49	106	98
106	108	94
173	139	123
79	70	57
56	112	82
38	141	112
90	148	110
116	99	87
162	132	114
191	128	126
251	144	145
91	96	83
112	77	68
200	66	77
164	109	104
109	87	80
108	97	94
63	129	101
126	175	126
128	63	60
68	109	97
45	120	95
57	77	70
277	68	87
52	102	72
102	115	107
128	87	86
147	110	99
73	153	125
207	47	72
349	82	124
109	154	129
82	84	74
43	112	87
244	89	102
170	124	110
86	92	93
59	44	35
88	106	83
144	146	118
78	91	81
113	113	88
72	103	85
80	148	109
175	140	122
45	90	67
168	115	103
122	119	104
196	123	119
240	109	120
150	135	117
88	73	73
41	85	74
260	83	100
109	83	74
133	71	71
128	117	91
99	103	91
215	101	116
325	46	87
100	79	71
182	137	116
137	80	86
68	136	92
106	110	95
81	96	84
69	80	75
89	72	60
120	86	91
88	35	37
